0 194 196 149
1 187 152 66
2 111 95 83
3 204 190 181
4 172 102 20
5 211 161 56
6 210 158 102
7 174 91 74
8 215 167 59
9 245 216 151
10 191 189 181
11 203 133 127
12 215 194 172
13 189 132 58
14 192 195 194
15 235 192 102
16 27 27 27
17 240 206 132
18 100 131 162
19 205 160 147
20 212 128 46
21 241 224 161
22 237 191 90
23 204 134 21
24 224 214 210
25 107 62 30
26 188 143 140
27 65 66 67
28 226 187 155
29 157 151 143
30 132 131 131
31 194 164 140
32 224 170 50
33 225 192 148
34 229 175 53
35 200 152 134
36 230 177 54
37 201 181 150
38 218 235 8
39 190 163 103
40 164 174 122
41 114 105 102
42 151 133 106
43 130 120 108
44 167 158 163
45 227 219 193
46 248 231 187
47 243 213 150
48 208 198 174
49 157 186 151
50 220 177 72
51 189 162 99
52 209 197 189
53 189 156 132
54 223 178 174
55 228 227 218
56 223 159 45
57 194 158 211
58 185 101 34
59 171 143 52
60 182 199 41
61 226 189 102
62 171 137 106
63 216 139 82
64 85 156 184
65 171 107 19
66 192 149 61
67 195 187 109
68 231 172 62
69 208 171 66
70 208 189 163
71 181 145 60
72 92 17 34
73 209 156 39
74 187 102 99
75 145 163 123
76 180 172 166
77 225 173 53
78 146 104 90
79 236 201 117
80 209 209 203
81 154 170 106
82 138 192 217
83 160 119 77
84 147 180 102
85 92 90 90
86 178 142 83
87 141 147 49
88 244 215 142
89 168 142 94
90 43 78 110
91 139 139 137
92 213 203 158
93 159 155 137
94 218 154 200
95 163 61 255
96 209 126 109
97 248 190 185
98 230 177 53
99 215 169 68
100 215 174 136
101 155 113 48
102 186 152 71
103 244 218 164
104 189 177 166
105 199 122 145
106 172 170 126
107 191 192 141
108 190 191 198
109 187 154 99
110 80 86 73
111 167 145 107
112 210 133 165
113 201 117 91
114 153 153 153
115 180 97 32
116 216 184 154
117 204 180 151
118 199 126 117
119 212 215 217
120 174 101 13
121 210 161 52
122 227 173 51
123 229 175 53
124 134 121 85
125 204 225 178
126 217 137 115
127 189 128 140
128 209 122 88
129 228 173 52
130 215 174 65
131 165 197 136
132 189 162 84
133 184 183 184
134 228 166 49
135 230 177 54
136 214 200 194
137 196 203 178
138 126 153 122
139 180 200 150
140 116 143 171
141 227 194 132
142 161 15 23
143 184 184 170
144 174 170 168
145 217 187 107
146 166 155 155
147 186 175 160
148 226 173 53
149 243 221 164
150 224 188 144
151 200 136 102
152 172 77 60
153 145 131 121
154 228 189 108
155 227 170 57
156 158 71 79
157 107 9 245
158 211 199 195
159 176 132 43
160 162 191 202
161 33 31 24
162 225 166 48
163 225 168 50
164 236 217 169
165 221 175 72
166 211 164 78
167 231 195 118
168 152 168 169
169 170 136 95
170 215 166 59
171 221 147 24
172 111 134 105
173 183 172 159
174 215 177 158
175 108 29 233
176 226 173 53
177 170 52 10
178 136 46 78
179 191 137 114
180 243 214 150
181 175 148 22
182 119 97 114
183 213 164 58
184 118 102 97
185 208 157 35
186 174 146 115
187 223 168 49
188 223 221 206
189 210 187 154
190 190 131 119
191 174 150 86
192 101 64 28
193 141 87 72
194 191 149 136
195 182 125 101
196 196 127 98
197 145 128 80
198 239 198 109
199 206 191 145
200 175 146 107
201 203 151 39
202 164 132 82
203 177 152 133
204 237 238 235
205 207 153 31
206 215 102 23
207 212 192 172
208 158 176 146
209 140 140 140
210 216 165 47
211 207 206 202
212 199 152 48
213 137 131 35
214 161 171 173
215 173 163 148
216 184 163 56
217 183 155 118
218 231 177 54
219 192 178 141
220 150 207 243
221 229 221 198
222 189 150 83
223 231 180 77
224 209 155 45
225 206 169 70
226 214 165 104
227 202 148 139
228 211 194 174
229 169 96 84
230 227 173 52
231 11 12 1
232 205 167 46
233 164 175 191
234 209 158 84
235 198 148 137
236 214 185 110
237 216 209 163
238 180 152 68
239 210 179 150
240 205 141 47
241 94 82 25
242 225 164 49
243 146 145 145
244 179 148 66
245 202 153 63
246 183 202 174
247 160 126 89
248 198 202 205
249 183 156 125
250 160 111 51
251 224 186 172
252 118 150 71
253 212 157 32
254 217 219 223
255 229 215 187
256 175 116 110
257 118 76 31
258 236 185 58
259 169 116 91
260 191 83 22
261 165 165 165
262 163 123 50
263 115 130 176
264 183 145 102
265 170 147 28
266 131 153 27
267 193 192 189
268 227 173 52
269 199 197 195
270 202 179 155
271 191 189 168
272 202 133 86
273 179 54 41
274 204 163 66
275 202 139 124
276 159 60 47
277 191 116 106
278 186 149 63
279 115 141 145
280 226 214 213
281 227 174 52
282 196 161 70
283 248 232 176
284 253 242 214
285 216 189 124
286 96 64 250
287 127 202 192
288 65 63 61
289 19 25 47
290 165 157 162
291 211 182 136
292 183 150 69
293 184 182 179
294 174 98 94
295 184 132 85
296 215 167 60
297 230 139 180
298 120 162 208
299 165 132 89
300 222 168 50
301 233 184 81
302 137 120 113
303 221 214 191
304 240 199 107
305 242 164 107
306 173 149 63
307 175 197 152
308 218 214 194
309 151 103 104
310 212 205 205
311 159 131 116
312 245 224 163
313 217 196 196
314 239 204 126
315 220 177 74
316 210 203 188
317 238 198 117
318 198 164 104
319 192 127 249
320 216 101 78
321 151 151 151
322 143 118 137
323 214 145 124
324 143 172 186
325 164 170 173
326 207 199 195
327 221 170 53
328 220 176 138
329 196 170 147
330 190 121 30
331 202 135 71
332 188 186 184
333 186 147 144
334 134 114 73
335 84 52 25
336 197 179 179
337 218 186 126
338 189 165 114
339 74 24 242
340 92 13 121
341 149 130 116
342 170 162 155
343 223 170 50
344 206 204 201
345 167 104 64
346 28 135 192
347 219 186 185
348 218 176 85
349 91 119 38
350 240 184 160
351 158 176 123
352 168 89 100
353 182 119 12
354 211 177 116
355 150 165 143
356 217 138 42
357 238 223 180
358 112 119 49
359 194 149 74
360 51 82 68
361 204 198 191
362 165 150 89
363 172 139 98
364 217 229 237
365 159 144 108
366 227 183 90
367 237 198 114
368 224 171 51
369 198 123 19
370 213 159 44
371 189 146 76
372 229 174 49
373 77 65 99
374 201 181 163
375 152 149 147
376 239 203 127
377 191 165 182
378 186 160 84
379 223 231 239
380 202 203 205
381 153 201 216
382 191 184 146
383 166 165 165
384 241 224 161
385 211 157 46
386 150 150 150
387 189 136 85
388 172 144 113
389 192 156 67
390 227 205 160
391 231 177 54
392 247 226 163
393 216 128 123
394 218 162 32
395 206 187 169
396 13 16 8
397 189 178 160
398 199 164 161
399 90 83 74
400 96 52 255
401 149 107 78
402 121 134 136
403 160 184 217
404 229 191 199
405 184 161 137
406 167 167 167
407 181 153 132
408 205 160 66
409 114 107 102
410 148 130 105
411 189 182 166
412 223 193 100
413 227 174 53
414 186 180 185
415 229 195 69
416 184 163 178
417 190 101 89
418 176 163 121
419 75 250 216
420 237 198 114
421 219 170 56
422 189 132 145
423 48 82 105
424 200 188 166
425 168 138 96
426 153 125 106
427 159 96 55
428 181 86 72
429 151 148 146
430 238 195 97
431 226 167 50
432 63 32 12
433 224 171 51
434 159 139 119
435 89 148 186
436 211 168 83
437 220 202 176
438 168 167 76
439 138 107 93
440 220 229 230
441 216 161 32
442 162 73 65
443 67 65 49
444 124 86 84
445 180 166 91
446 125 122 99
447 177 107 96
448 211 177 127
449 196 153 67
450 153 108 54
451 225 172 52
452 172 195 206
453 126 119 115
454 226 173 53
455 244 216 158
456 213 178 82
457 158 159 158
458 234 194 18
459 215 160 32
460 112 106 94
461 171 109 34
462 189 189 189
463 159 125 80
464 156 157 155
465 156 178 201
466 217 180 54
467 175 178 186
468 153 139 108
469 241 205 121
470 200 167 123
471 107 181 136
472 126 120 120
473 220 220 220
474 219 167 57
475 47 41 26
476 134 156 180
477 208 159 156
478 153 153 153
479 202 192 151
480 85 86 87
481 135 137 39
482 123 109 50
483 195 183 145
484 126 125 112
485 218 217 230
486 124 164 58
487 68 103 34
488 221 160 58
489 240 200 110
490 188 157 125
491 160 158 32
492 130 168 235
493 226 207 196
494 212 163 58
495 91 11 119
496 209 157 52
497 167 156 81
498 152 171 119
499 209 93 103
500 245 216 151
501 187 182 172
502 182 133 109
503 92 76 18
504 224 163 59
505 147 126 107
506 144 104 86
507 196 150 111
508 208 206 207
509 99 62 52
510 191 154 93
511 192 199 204
512 222 166 59
513 186 190 187
514 139 169 191
515 167 92 34
516 216 178 118
517 20 63 117
518 154 167 96
519 175 169 153
520 146 144 125
521 240 208 128
522 223 169 50
523 233 179 55
524 215 174 67
525 158 142 137
526 143 176 113
527 96 82 64
528 151 136 94
529 216 160 72
530 219 218 210
531 227 202 186
532 118 103 92
533 215 177 83
534 190 148 82
535 210 184 151
536 93 127 165
537 141 202 89
538 201 163 72
539 182 185 185
540 176 164 197
541 197 192 153
542 177 164 148
543 193 183 183
544 230 194 108
545 197 97 47
546 150 77 39
547 194 134 93
548 231 230 216
549 167 215 245
